1 [0000 0001]
    2 [0000 0010]
        4 [0000 0100]
            8 [0000 1000]
                16 [0001 0000]

                17 [0001 0001]
            9 [0000 1001]
                18 [0001 0010]

                19 [0001 0011]
        5 [0000 0101]
            10 [0000 1010]
                20 [0001 0100]

                21 [0001 0101]
            11 [0000 1011]
                22 [0001 0110]

                23 [0001 0111]
    3 [0000 0011]
        6 [0000 0110]
            12 [0000 1100]
                24 [0001 1000]

                25 [0001 1001]
            13 [0000 1101]
                26 [0001 1010]

                27 [0001 1011]
        7 [0000 0111]
            14 [0000 1110]
                28 [0001 1100]

                29 [0001 1101]
            15 [0000 1111]
                30 [0001 1110]

                31 [0001 1111]

